NAME : single
TYPE : ATSP
DIMENSION : 12
EDGE_WEIGHT_TYPE : EXPLICIT
EDGE_WEIGHT_FORMAT : FULL_MATRIX
EDGE_WEIGHT_SECTION
0 732 0 1272 890 2326 938 302 2584 1852 2538 1593 
199891 0 732 1542 424 2290 1147 429 2853 2122 2808 1863 
199941 732 0 1272 890 2326 938 302 2584 1852 2538 1593 
199803 1542 1272 0 1674 1363 543 1528 1620 888 1574 630 
199859 424 890 1674 0 2206 1193 691 2896 2203 2850 1996 
199609 2290 2326 1363 2206 0 1431 2442 936 820 891 1024 
199877 1147 938 543 1193 1431 0 1134 1855 1123 1809 864 
199913 429 302 1528 691 2442 1134 0 2814 2082 2768 1824 
199541 2853 2584 1620 2896 936 1855 2814 0 1000 313 1303 
199687 2122 1852 888 2203 820 1123 2082 1000 0 1148 303 
199550 2808 2538 1574 2850 891 1809 2768 313 1148 0 1235 
199739 1863 1593 630 1996 1024 864 1824 1303 303 1235 0 
EOF